function [G,H] = golayMatrices()
B=[ 1 1 0 1 1 1 0 0 0 1 0 1; 1 0 1 1 1 0 0 0 1 0 1 1; 0 1 1 1 0 0 0 1 0 1 1 1 ; ...
1 1 1 0 0 0 1 0 1 1 0 1 ; 1 1 0 0 0 1 0 1 1 0 1 1 ; 1 0 0 0 1 0 1 1 0 1 1 1; ...
0 0 0 1 0 1 1 0 1 1 1 1 ; 0 0 1 0 1 1 0 1 1 1 0 1 ; 0 1 0 1 1 0 1 1 1 0 0 1 ; ...
1 0 1 1 0 1 1 1 0 0 0 1 ; 0 1 1 0 1 1 1 0 0 0 1 1;1 1 1 1 1 1 1 1 1 1 1 0 ];

G = [B eye(12)];
H = [eye(12) B'];
end

